1855363922cd7583f9ff4c0e9c4ce9867b06de9c.png: 0.254442
sun_aifqshyiulwfhaua.jpg: 0.236412
sun_azmxzszojlxzhdpf.jpg: 0.203926
sun_bhnstkiyhybyujvq.jpg: 0.218251
